 1              -18    .352       Fp1.
 2               18    .352       Fp2.
 3              -39    .231       F3..
 4               39    .231       F4..
 5              -90    .181       C3..
 6               90    .181       C4..
 7              -90    .500       A1..
 8               90    .500       A2..
 9              -142   .231       P3..
10               142   .231       P4..
11              -162   .352       O1..
12               162   .352       O2..
13              -54    .352       F7..
14               54    .352       F8..
15              -90    .352       T3..
16               90    .352       T4..
17              -126   .352       T5..
18               126   .352       T6..
19               0     .181       Fz..
20               0        0       Cz..
21               180   .181       Pz..
